LTPT	Yes	Yes	No	No	Yes	Yes	No	Yes	Yes	Yes	No	No	No	Yes	No	Yes	No	No	Yes	Yes	Yes	Yes	Yes	Yes	No	No	Yes	Yes	Yes	Yes	Yes	Yes	No	No	Yes	No	No	No	Yes	Yes	No	Yes	Yes	Yes	No	No	No	No	No	Yes	Yes	No	Yes	No	Yes	No	No	Yes	No	Yes	Yes	No	Yes	Yes	No
Abiotrophia	0	1	1	1	1	0	1	1	0	1	0	1	0	1	0	0	0	0	0	0	0	0	0	0	0	0	0	1	0	0	0	0	0	0	0	0	1	0	0	0	0	1	0	0	0	0	3	0	0	0	0	1	5	1	0	0	0	0	3	1	0	0	0	0	2
Absiella	0	0	0	2	0	0	1	2	2	0	0	0	0	0	0	0	0	1	0	0	0	0	0	0	0	0	0	0	1	0	0	0	0	0	2	0	2	1	0	0	5	0	0	0	0	1	0	20	0	0	0	0	0	0	0	1	0	2	0	1	0	0	0	0	0
Actinomyces	1	3	0	1	5	1	0	1	0	0	0	0	1	1	4	0	0	0	0	1	1	0	0	0	0	4	4	1	0	0	0	0	1	2	7	5	0	1	2	5	0	0	0	2	1	1	3	1	1	3	0	0	5	5	7	2	4	1	4	0	1	0	5	2	1
Agathobaculum	0	0	1	0	2	1	0	0	0	0	0	1	0	0	0	0	0	1	0	0	1	0	0	0	0	1	0	2	1	0	0	0	1	1	0	0	0	0	0	0	0	0	1	1	2	3	0	1	0	2	0	0	2	0	0	0	0	5	1	0	0	2	0	0	0
Akkermansia	6	0	0	0	0	10	1	0	1	0	0	0	0	1	10	32	0	0	0	27	0	0	0	1	0	0	0	0	0	0	0	1	0	0	0	0	0	7	0	0	2	0	1	1	5	16	2	0	0	0	0	0	0	75	11	1	0	0	0	0	0	0	2	0	0
Alistipes	2	1	0	6	0	5	3	1	26	0	0	0	0	2	21	4	0	32	0	40	0	36	28	0	4	0	0	4	9	0	0	4	29	0	6	0	10	16	0	0	11	0	4	0	0	0	0	0	0	2	8	0	0	0	2	12	22	8	0	32	0	3	3	1	0
Aminipila	3	0	1	4	0	0	5	0	19	0	1	0	0	15	0	23	0	0	0	22	2	0	4	0	0	0	0	0	0	0	0	0	0	0	0	6	1	11	2	0	2	0	4	0	0	0	0	0	0	0	1	0	0	0	12	1	0	1	6	18	0	30	36	0	1
Anaerobutyricum	19	50	0	29	16	10	66	1	66	0	1	25	0	73	24	10	0	2	70	27	18	0	18	38	14	0	0	0	0	4	0	43	0	36	0	51	0	22	0	16	0	0	3	0	7	0	0	0	12	0	0	0	0	0	0	10	4	9	0	16	0	1	0	39	1
Anaerocolumna	0	10	0	0	0	5	0	62	4	0	0	0	9	0	0	0	0	0	0	14	0	0	0	0	0	0	0	0	2	8	10	9	0	0	0	0	0	0	0	0	0	0	0	0	0	0	0	0	0	0	0	0	0	0	0	17	0	0	0	0	0	0	0	0	0
Anaerofustis	1	0	0	2	0	1	1	0	0	0	0	0	2	0	0	1	0	0	0	2	0	0	2	0	0	0	1	0	0	0	0	0	0	0	0	1	0	0	0	0	1	0	1	0	0	0	0	0	0	0	1	0	0	0	1	0	0	2	0	0	1	0	0	0	1
Anaeromassilibacillus	4	2	0	6	0	2	0	0	17	0	8	4	0	16	0	6	0	14	4	4	2	0	27	0	2	2	0	3	0	0	0	0	9	5	1	4	1	1	18	1	125	0	3	0	0	0	0	1	0	0	24	1	2	4	54	0	3	11	0	23	0	16	24	0	0
Anaerostipes	112	254	109	0	75	10	158	160	51	2	144	189	64	79	235	101	171	21	232	103	37	16	125	98	139	163	41	0	138	40	135	135	66	171	53	117	209	6	97	113	49	2	143	0	108	579	188	1	100	3	41	0	1	2	6	32	0	121	10	31	1	98	6	106	104
Anaerotignum	0	1	3	3	3	1	1	0	0	3	0	0	0	0	8	9	0	0	0	0	0	0	1	0	0	0	1	0	0	0	0	0	1	3	1	0	0	15	3	3	17	0	0	0	3	0	0	0	0	7	9	0	0	0	2	0	5	0	0	0	6	6	2	0	0
Anaerotruncus	0	0	0	2	0	0	0	0	1	0	1	0	1	0	0	1	0	0	0	1	0	0	0	0	0	0	0	0	0	0	0	0	0	1	0	0	0	1	1	0	0	0	0	0	0	0	0	0	0	0	0	0	0	0	3	1	0	1	0	2	0	0	0	0	0
Bacillus	9	0	0	0	0	0	0	0	0	0	73	0	0	11	0	0	4	0	3	1	6	11	5	0	0	0	0	0	15	0	0	2	0	0	0	0	0	24	0	0	0	0	0	0	0	0	3	0	0	0	0	4	8	0	0	0	0	0	0	0	0	0	11	0	0
Bacteroides	49	63	225	89	439	63	123	28	162	134	305	42	578	37	32	246	167	257	95	642	267	315	81	108	49	26	42	228	0	118	120	131	672	29	196	8	65	247	128	32	144	217	97	5	283	0	29	566	207	18	175	45	513	79	107	50	464	197	663	81	29	99	78	30	15
Bifidobacterium	511	331	244	2062	582	509	928	232	271	935	948	762	184	231	813	318	791	378	1106	415	88	679	178	787	575	530	898	198	831	108	307	390	793	845	202	1106	496	34	565	919	387	524	27	838	462	345	239	191	1101	261	578	891	3	314	525	308	639	437	406	943	651	573	928	269	1124
Blautia	1143	739	586	173	365	386	559	592	636	642	648	635	679	1041	547	443	584	1041	1263	456	959	397	509	257	488	915	227	1456	572	498	831	629	258	956	347	629	572	820	919	859	635	333	863	693	827	79	1150	431	518	1139	266	554	131	605	650	462	384	752	434	434	989	887	799	1104	431
Butyricicoccus	32	17	18	0	0	1	2	1	24	8	0	2	17	12	0	1	43	0	0	24	59	0	27	47	4	0	8	24	28	15	24	28	3	13	6	0	11	6	0	27	4	55	16	0	7	9	0	5	10	4	8	0	79	35	2	8	33	1	8	7	15	1	8	20	5
Caproiciproducens	1	0	0	0	0	0	1	0	0	0	0	0	0	0	1	0	0	1	0	0	0	0	0	0	0	0	0	0	2	0	0	0	0	0	0	0	0	2	0	0	0	0	1	0	6	8	0	0	0	0	0	0	1	4	0	0	0	0	0	0	0	0	0	0	0
Citrobacter	0	0	0	0	0	0	0	0	0	1	0	0	0	0	0	0	0	1	3	0	0	1	0	0	0	1	0	0	0	0	0	0	0	0	1	0	0	0	1	0	0	0	0	1	0	0	3	12	3	1	0	0	1	1	0	0	0	0	24	0	0	3	0	0	0
Clostridium	1	0	4	0	0	4	1	45	43	11	0	0	0	7	1	36	5	2	13	0	0	2	27	0	1	51	1	4	12	21	70	4	5	0	0	3	2	1	0	0	0	0	11	67	10	8	3	86	1	0	0	2	2	1	5	12	1	5	3	0	0	5	22	1	0
Collinsella	27	0	0	0	0	138	102	160	122	71	0	0	35	155	0	0	0	0	0	0	0	0	198	0	0	0	399	0	0	80	0	98	0	298	0	9	72	501	0	0	0	0	0	0	0	0	0	0	262	0	0	0	0	0	803	259	0	152	0	0	96	0	0	116	231
Coprobacillus	1	0	2	1	0	1	0	0	6	0	0	0	0	0	1	3	0	0	0	0	0	0	1	0	0	2	2	0	0	0	0	0	2	0	0	0	2	11	5	1	5	0	0	0	1	0	0	0	0	4	0	8	3	1	2	0	0	0	1	0	0	1	2	0	0
Coprococcus	0	0	1	0	5	15	0	0	0	1	0	0	1	0	0	0	0	0	0	1	4	3	225	0	0	0	0	0	0	16	0	0	0	1	0	0	46	1	0	8	2	0	0	0	0	2	0	0	0	0	0	0	0	0	0	3	0	0	0	0	8	1	0	0	0
Corynebacterium	0	0	0	1	0	0	0	0	0	1	0	1	0	0	1	2	0	0	1	0	0	0	0	0	1	0	1	1	0	0	0	0	0	0	0	3	0	0	0	1	0	0	1	0	1	0	0	0	0	1	1	1	0	0	0	1	1	0	0	0	0	2	1	1	0
Desulfovibrio	0	0	0	0	0	0	1	0	1	0	0	0	0	0	0	1	0	0	0	0	0	0	22	0	0	0	3	0	0	0	0	0	3	0	0	0	1	3	0	0	3	0	0	0	1	0	0	0	2	0	1	0	0	0	0	0	3	4	11	4	0	0	0	0	0
Dialister	0	36	0	89	1	57	0	0	0	0	3	38	0	51	0	0	0	0	5	69	0	0	37	16	19	0	13	0	23	128	70	79	0	0	0	8	46	159	0	9	5	0	0	0	0	0	105	60	0	30	1	0	0	0	5	0	9	83	0	5	4	0	0	0	0
Dorea	0	16	22	0	1	62	0	0	0	0	0	0	38	7	0	0	0	0	0	0	27	0	83	0	26	0	0	0	0	63	0	65	0	0	8	0	23	0	0	0	149	0	0	0	0	0	0	0	0	0	0	0	0	0	0	54	0	0	0	0	0	0	0	84	0
Drancourtella	33	21	15	79	32	2	76	20	21	76	21	58	17	21	0	19	27	60	27	7	9	43	17	34	7	69	92	33	20	1	0	29	4	44	24	17	32	75	51	51	9	8	30	21	16	108	44	28	19	16	0	197	81	42	164	0	82	63	145	42	21	117	52	372	69
Eggerthella	4	5	13	5	2	0	13	2	7	3	2	18	7	10	10	8	8	15	10	14	5	10	0	4	15	20	11	14	11	3	24	4	9	7	16	16	4	8	21	24	11	8	13	26	9	20	14	19	3	34	12	45	8	33	9	2	14	4	26	9	11	24	79	7	6
Eisenbergiella	3	0	6	0	6	0	2	0	0	0	0	0	0	0	0	26	0	33	15	1	2	0	0	0	4	2	5	2	0	0	0	0	42	2	11	0	0	13	10	10	1	0	6	29	12	173	0	6	0	5	3	2	0	36	17	0	16	1	7	9	3	5	11	0	0
Enterococcus	3	1	2	0	6	0	1	1	0	0	15	45	0	0	7	2	6	2	4	1	0	15	0	1	3	6	4	2	0	0	1	0	10	2	4	4	0	0	2	13	0	0	0	21	0	8	2	4	1	4	1	17	1068	17	0	0	1	0	4	2	3	2	16	0	4
Erysipelatoclostridium	60	33	18	40	49	0	27	17	39	42	89	54	27	246	41	121	53	249	76	55	58	158	111	37	51	42	101	135	15	38	108	28	109	30	25	50	36	33	79	73	63	14	55	435	437	356	118	39	23	117	31	257	306	81	57	136	71	33	237	225	33	308	107	41	23
Escherichia	1	5	13	8	0	1	2	0	2	7	0	0	0	2	12	10	11	105	19	0	63	23	1	9	8	3	22	83	5	29	8	0	11	7	2	2	0	0	0	2	0	22	0	20	31	10	82	113	62	3	0	0	0	61	0	3	0	8	26	3	0	2	0	33	2
Eubacterium	28	11	41	26	0	20	9	0	17	0	0	2	83	13	0	14	0	0	0	54	3	1	72	33	32	0	16	0	54	6	16	10	0	138	0	6	10	76	10	0	4	0	7	1	19	1	0	0	0	18	6	0	0	0	10	33	40	63	0	35	2	0	21	0	1
Faecalibacterium	284	60	468	27	365	341	195	99	197	154	85	12	159	237	50	106	296	290	5	252	491	789	235	330	158	56	153	73	359	168	31	438	497	21	374	3	206	170	374	57	344	103	234	0	3	150	35	368	114	181	647	43	338	258	124	338	209	88	205	127	108	2	23	13	29
Faecalicatena	19	3	5	18	2	16	4	23	45	73	1	5	100	101	31	11	0	2	0	42	47	0	13	1	5	13	2	2	9	12	4	3	47	24	6	0	3	77	0	72	12	0	7	1	25	156	1	3	0	7	18	11	9	12	17	3	29	19	104	101	0	5	1	67	1
Faecalimonas	0	0	0	2	0	0	0	0	0	3	0	0	3	0	0	0	0	1	0	0	29	0	0	0	1	0	0	0	0	24	0	0	1	0	0	0	0	1	0	38	0	0	0	0	0	0	0	10	0	89	1	0	0	0	1	0	0	0	0	0	0	0	0	1	0
Flavonifractor	6	2	7	8	1	5	4	0	10	1	2	1	0	6	3	13	2	6	0	8	8	17	15	6	1	1	0	2	2	0	8	3	6	0	6	0	2	18	2	12	11	1	7	1	6	7	1	1	3	22	3	1	2	4	16	6	10	4	22	8	5	6	19	2	5
Fournierella	0	0	0	9	0	185	11	0	36	2	2	0	68	1	0	0	0	0	0	1	0	0	84	0	0	0	0	0	0	0	0	3	1	0	0	0	2	132	0	1	0	0	0	0	1	0	0	1	0	0	2	0	0	6	0	0	0	0	0	0	61	0	1	0	0
Frisingicoccus	0	0	1	0	0	0	0	1	4	0	0	0	2	0	0	21	0	0	0	0	2	0	0	0	0	0	0	0	0	0	0	4	0	0	0	1	0	8	1	4	10	0	0	0	4	0	0	0	0	1	2	0	0	0	7	0	0	0	0	3	4	0	5	2	0
Fusicatenibacter	0	630	349	1	364	96	279	619	313	450	90	727	443	30	724	307	20	34	0	83	249	0	53	280	406	495	289	249	477	1	336	219	0	129	172	216	384	155	42	231	255	0	520	1	0	51	145	397	0	294	262	0	38	627	0	0	361	520	52	178	360	1	0	229	477
G_undefined_Lachnospiraceae	0	252	206	0	2	30	42	0	18	0	0	0	2	0	0	0	0	0	0	70	222	0	62	155	195	0	123	0	15	630	0	133	0	1	826	4	310	76	1	146	32	0	466	0	216	637	1	39	48	0	301	0	0	115	0	387	0	0	0	169	2	0	1	0	28
G_undefined_Ruminococcaceae	17	1	1	2	0	16	4	0	35	0	0	0	7	7	0	23	0	0	0	0	1	0	4	0	0	0	0	1	0	0	0	4	0	0	4	3	1	30	0	0	0	0	192	0	2	0	0	0	0	0	2	4	0	0	8	1	0	2	0	3	0	20	23	0	1
Gemella	0	3	0	3	1	1	1	0	0	3	0	2	0	2	1	3	0	1	0	0	0	0	0	1	2	0	0	3	0	0	0	3	1	0	0	0	2	0	0	2	0	0	0	1	1	0	4	2	0	0	2	0	0	3	1	0	2	0	1	0	0	0	0	1	0
Gordonibacter	1	0	0	0	0	0	0	0	0	0	0	0	0	0	0	2	0	0	0	0	0	0	0	0	0	0	0	0	0	0	0	1	0	0	3	0	0	0	0	0	1	1	1	0	1	0	0	0	0	0	3	0	0	0	1	0	0	0	0	0	0	0	2	0	0
Granulicatella	0	2	1	1	1	0	2	1	1	2	0	0	0	1	2	1	0	0	0	1	1	1	3	0	1	1	0	6	0	2	1	4	0	0	0	3	3	0	1	2	0	1	1	3	3	1	2	0	1	2	0	1	0	3	3	0	1	1	2	1	0	0	1	7	3
Haemophilus	0	3	0	2	1	5	0	3	0	0	0	0	1	0	0	0	0	0	0	0	0	0	0	4	0	0	0	0	1	0	2	5	0	1	0	0	1	0	0	0	0	0	1	0	0	0	0	12	0	0	0	0	1	0	0	0	0	0	1	2	0	0	0	5	0
Hungatella	1	0	2	21	6	0	5	0	3	0	0	0	0	0	1	3	0	2	1	1	0	59	0	0	1	0	7	0	0	0	3	1	3	0	3	0	2	12	4	2	0	0	4	1	3	3	0	3	0	1	1	2	27	4	0	1	21	1	10	1	0	1	6	0	1
Ihubacter	0	0	0	5	0	7	1	0	22	0	0	0	0	4	0	3	0	0	0	9	0	0	12	2	0	0	0	0	0	0	0	2	0	0	0	3	1	25	0	0	0	0	0	0	1	0	0	0	0	0	0	0	0	4	4	11	7	6	0	3	0	6	0	0	0
Intestinibacter	2	0	12	24	9	12	6	40	16	2	3	7	15	10	1	21	17	10	7	12	16	43	9	17	72	20	4	5	13	0	30	13	4	1	3	14	32	4	11	6	1	4	3	35	5	21	8	26	18	1	2	63	36	11	25	7	9	8	81	7	3	48	6	0	23
Klebsiella	1	0	0	0	0	0	0	6	1	0	0	1	0	0	0	1	0	0	0	0	0	1	0	0	0	5	0	0	6	0	0	0	0	0	1	0	0	0	0	0	0	0	0	0	0	0	21	0	0	2	0	1	0	0	0	0	3	0	4	0	0	0	0	0	0
Lachnoclostridium	40	27	85	29	39	99	38	15	66	20	34	36	104	18	122	166	7	75	7	52	48	94	26	75	16	33	32	10	26	46	47	30	43	24	31	34	24	24	107	48	57	141	67	6	47	82	0	75	19	54	33	58	89	177	77	77	97	106	135	48	133	31	151	47	46
Lactobacillus	13	0	3	9	9	176	1	2	0	15	0	10	15	12	1	2	28	0	4	2	0	0	1	4	0	35	0	0	3	1	1	14	0	1	8	2	0	5	0	0	5	1	2	0	0	1	11	0	0	1	19	0	0	6	0	4	0	9	43	1	0	62	0	2	2
Lactococcus	0	0	0	0	0	0	0	0	1	0	6	2	0	0	26	5	0	0	0	18	0	0	1	0	0	0	13	0	0	0	6	1	0	2	0	0	6	1	0	0	0	0	0	15	0	0	5	0	0	0	0	0	0	0	6	0	0	0	0	2	0	0	1	3	0
Lactonifactor	3	0	0	0	0	0	1	0	0	0	0	0	0	3	0	4	0	4	0	0	23	0	1	0	0	0	0	0	0	0	7	0	0	0	1	0	0	1	1	0	2	0	1	0	7	0	0	0	0	7	0	0	0	0	6	0	0	0	0	3	0	4	4	0	0
Massilimicrobiota	1	4	0	7	1	5	9	0	0	1	1	18	0	0	0	6	3	0	0	7	1	37	0	1	0	9	0	0	2	0	6	4	25	2	5	3	1	2	6	0	5	0	8	81	8	46	0	0	0	0	3	5	0	4	7	1	1	12	23	4	0	52	16	0	0
Megasphaera	66	0	1	0	2	9	0	0	0	2	0	0	1	0	0	0	1	0	0	0	0	0	0	0	0	0	6	0	0	0	0	0	0	0	0	1	0	0	0	0	0	1	0	0	0	0	0	0	0	0	0	0	0	0	0	20	0	0	0	0	0	0	0	0	0
Monoglobus	10	0	16	0	0	1	14	5	2	19	0	0	6	27	2	0	0	0	0	0	0	0	3	0	13	0	0	0	0	0	6	22	0	0	0	8	8	1	0	12	19	0	9	0	0	0	0	0	0	6	8	0	1	0	0	0	11	0	0	5	0	0	0	1	0
Mordavella	1	0	0	21	0	1	19	0	6	1	0	0	0	1	0	0	2	7	0	2	0	0	2	0	0	0	0	0	8	0	0	0	2	0	0	4	0	13	0	35	0	0	0	0	5	6	0	2	0	0	1	0	0	3	10	0	0	9	29	0	0	16	2	0	0
Odoribacter	0	0	0	3	0	1	0	0	4	0	0	0	0	1	0	2	0	0	0	0	0	0	2	0	0	0	0	0	0	0	0	0	0	0	0	0	0	1	0	0	2	1	2	0	0	0	0	1	1	1	0	0	0	0	1	2	0	0	0	0	0	0	0	0	0
Oscillibacter	11	0	2	25	0	25	0	0	42	0	1	0	0	0	0	63	0	0	0	18	2	0	11	2	0	0	7	1	0	0	0	0	0	0	6	0	1	5	0	38	1	0	8	0	4	0	0	0	0	0	8	0	0	8	4	1	0	1	0	5	0	0	0	3	0
Parabacteroides	4	9	9	43	0	8	3	3	18	0	0	0	29	7	0	1	20	0	0	0	0	0	15	8	5	1	8	0	14	18	11	0	0	3	0	0	6	14	7	0	18	65	11	0	55	0	1	0	164	0	12	1	0	47	9	6	54	1	0	11	10	6	1	3	0
Parasutterella	0	0	7	0	0	0	0	3	6	0	0	0	0	3	2	0	9	0	0	0	0	0	0	0	0	0	0	0	0	0	0	0	12	0	0	0	0	0	7	0	0	0	0	6	0	0	0	0	32	2	10	0	0	0	0	0	15	20	0	10	1	2	1	0	0
Prevotella	0	0	0	1	0	30	0	0	0	0	0	0	0	32	0	1	0	0	0	0	0	0	39	0	0	0	0	0	0	394	0	0	1	0	0	0	0	4	0	0	0	0	0	0	0	0	0	0	0	0	0	0	0	0	2	209	0	0	0	0	1	0	0	2	0
Pseudoflavonifractor	2	0	1	6	0	5	0	0	12	0	0	0	1	0	0	3	3	0	0	5	0	0	1	6	0	0	2	0	0	0	0	0	0	3	3	0	0	5	0	3	0	0	0	0	1	0	0	0	0	2	1	0	0	0	1	0	0	0	3	8	0	0	1	0	0
Ralstonia	0	0	0	0	0	0	0	0	0	0	0	0	0	0	0	0	2	0	0	0	4	0	0	0	0	0	0	0	0	0	0	0	4	0	0	0	0	0	0	1	0	1	0	0	1	0	0	1	0	2	1	0	0	0	1	0	0	0	0	0	0	0	0	0	0
Robinsoniella	33	4	48	40	69	0	6	33	8	19	128	3	36	0	3	143	45	64	2	2	39	106	0	42	91	148	89	88	28	0	75	0	9	33	6	114	3	0	86	5	1	14	37	122	167	1	34	174	53	66	9	275	180	0	7	1	131	2	149	7	1	123	101	0	1
Romboutsia	5	29	1	4	8	9	1	16	11	0	0	1	0	21	3	3	1	22	21	0	1	5	16	5	4	15	1	16	10	0	0	25	4	0	0	24	6	1	5	6	1	0	1	0	8	0	2	5	11	10	0	0	0	9	3	0	2	1	2	9	1	7	10	1	12
Roseburia	301	183	63	5	323	53	7	271	85	14	3	4	15	25	45	61	149	81	0	62	121	1	42	31	40	6	24	26	37	2	251	151	22	11	15	13	21	14	3	25	66	1	9	134	3	18	356	35	68	85	60	4	1	158	20	115	14	68	0	19	111	13	4	9	58
Rothia	0	1	0	0	0	1	0	1	0	1	0	0	0	0	1	0	0	0	0	0	0	0	0	0	0	1	0	0	0	1	0	2	0	3	0	1	0	0	0	0	0	0	0	0	1	0	1	0	0	4	0	0	0	0	0	2	0	0	0	0	0	0	0	1	0
Ruminococcus	0	45	0	4	43	167	129	76	372	18	83	249	0	356	46	6	2	1	0	343	0	0	259	83	0	0	160	133	12	0	1	41	43	0	14	175	268	11	0	3	331	0	67	0	0	0	0	0	0	335	215	303	0	15	7	338	0	49	0	235	0	246	320	0	0
Ruthenibacterium	1	1	2	4	1	0	2	0	7	1	0	2	0	2	0	23	0	6	0	2	4	0	18	1	1	0	1	1	0	0	2	1	0	2	1	0	0	24	0	9	2	0	1	7	0	36	1	2	0	11	0	8	7	2	14	1	0	1	6	12	1	30	6	0	0
Schaalia	2	11	4	3	5	0	7	1	0	8	0	3	3	6	4	3	0	3	0	0	4	1	6	0	4	8	9	5	1	6	14	3	0	11	5	3	3	0	4	8	3	0	3	10	3	3	11	28	1	8	3	5	1	6	20	5	10	3	10	2	0	4	1	5	2
Solobacterium	0	0	0	0	0	0	0	0	0	1	0	0	0	0	0	0	0	1	0	0	0	0	2	0	1	0	2	2	0	0	0	0	1	1	2	0	1	0	0	1	2	0	1	2	0	1	0	1	0	0	0	0	0	0	1	0	0	0	3	0	1	1	1	0	0
Streptococcus	25	112	345	23	151	239	85	31	24	203	172	15	182	43	130	481	1	64	2	21	57	10	54	459	532	281	135	45	173	507	393	175	216	104	573	320	50	6	373	64	156	1317	46	387	62	18	350	197	25	131	95	116	5	32	74	32	145	102	4	51	198	46	10	242	235
Terrisporobacter	4	0	0	1	0	0	0	9	0	0	0	0	0	4	0	0	0	0	0	0	0	0	10	0	1	1	0	0	0	0	28	0	0	0	0	0	1	1	0	0	0	0	0	21	2	0	0	9	0	0	0	0	0	0	0	0	1	0	0	0	0	1	0	0	2
Turicibacter	2	10	1	4	3	1	0	0	1	2	0	0	0	0	0	5	1	0	2	0	0	0	1	1	3	1	0	4	0	2	2	0	0	0	0	0	2	6	0	1	1	0	0	0	4	11	0	4	0	0	0	0	0	0	2	1	2	0	8	1	0	0	0	0	2
Veillonella	1	4	35	0	3	0	29	3	0	41	129	0	62	0	31	0	111	103	0	2	0	126	0	16	5	31	35	121	64	1	4	1	3	0	15	0	1	0	44	0	24	138	1	1	82	10	11	11	116	1	101	68	36	80	10	0	66	0	40	37	117	41	1	4	48
