LTPT	Yes	Yes	No	No	Yes	Yes	No	Yes	Yes	Yes	No	No	No	Yes	No	Yes	No	No	Yes	Yes	Yes	Yes	Yes	No	Yes	Yes	Yes	Yes	Yes	Yes	No	No	Yes	No	No	No	Yes	No	Yes	Yes	Yes	No	No	No	No	No	Yes	Yes	No	Yes	No	Yes	No	No	Yes	No	Yes	Yes	No	No	Yes	Yes	No
Abiotrophia	0	0	1	1	0	0	0	1	0	1	0	0	1	0	0	0	0	0	0	0	0	0	1	1	0	0	0	1	0	0	0	0	0	0	0	0	0	0	1	0	0	1	0	0	0	0	0	0	0	0	0	0	0	0	0	0	0	5	0	0	0	0	0
Absiella	3	0	0	7	0	0	0	0	3	0	0	0	0	0	0	1	0	0	0	1	0	0	0	0	0	1	0	0	6	0	0	0	0	0	0	2	0	8	0	2	0	0	0	0	0	0	0	0	0	0	0	1	0	0	2	0	0	0	18	1	0	0	0
Actinomyces	1	3	4	6	3	1	0	0	1	0	1	3	0	0	1	2	0	2	2	0	1	1	0	0	1	1	0	0	2	1	1	1	9	4	1	0	0	0	5	0	0	3	7	0	1	1	1	1	2	2	3	0	0	1	1	1	0	2	1	3	0	4	0
Agathobaculum	0	0	0	1	0	0	0	0	0	0	0	1	0	0	2	0	0	0	0	0	0	0	3	0	0	0	0	0	1	0	0	3	1	0	0	1	0	2	3	0	3	0	0	0	0	0	0	0	3	1	0	0	0	0	3	2	0	0	0	2	0	0	0
Alistipes	2	0	0	5	0	11	0	0	5	0	6	0	4	1	0	0	0	0	0	17	2	25	7	2	0	0	0	0	0	11	32	2	0	1	0	15	0	104	3	3	0	3	0	0	0	6	0	14	0	22	0	33	2	0	8	0	7	0	7	0	0	0	2
Aminipila	2	0	0	11	0	5	0	0	4	0	13	0	0	3	0	1	0	1	0	3	0	6	0	14	0	0	0	2	3	1	6	2	0	1	0	22	6	25	1	14	0	4	0	0	0	0	0	2	0	0	0	8	0	1	3	0	5	0	15	0	32	0	3
Anaerobutyricum	5	26	0	14	22	1	38	0	27	0	5	0	1	33	24	2	0	2	0	14	23	10	0	0	0	0	25	15	0	9	0	43	4	42	10	9	0	13	0	36	0	22	0	33	0	53	0	8	0	0	0	8	4	7	6	3	9	0	10	0	10	18	16
Anaerocolumna	0	0	0	16	1	0	18	0	0	0	0	0	0	24	0	0	16	0	0	27	0	11	0	3	0	0	0	17	0	5	0	0	0	0	3	0	0	0	0	0	0	0	0	1	0	0	0	0	1	0	0	3	4	0	0	0	1	0	9	0	0	7	0
Anaerofustis	1	0	0	0	0	0	0	0	1	0	0	0	1	0	0	0	0	0	0	1	2	1	0	0	0	0	0	0	0	0	0	0	0	1	0	0	0	0	0	0	0	0	0	0	0	0	0	0	0	0	0	0	0	0	0	0	1	0	1	0	0	0	1
Anaeromassilibacillus	8	1	0	1	0	2	3	0	19	1	6	0	2	2	0	2	0	10	1	1	0	16	0	0	0	19	0	1	0	9	2	7	0	0	0	0	3	15	0	3	4	18	0	0	1	1	0	2	0	4	0	1	1	0	4	1	12	2	17	2	51	0	7
Anaerostipes	10	98	26	24	105	6	91	107	45	48	82	0	73	72	5	84	19	106	124	7	254	81	1	16	61	74	185	112	37	39	14	114	17	90	116	7	140	6	3	2	30	62	148	137	224	69	5	5	101	2	3	32	15	2	62	70	40	23	66	76	173	155	135
Anaerotignum	1	0	1	6	0	0	0	0	0	4	1	0	1	0	3	6	0	0	0	1	0	5	1	0	1	0	1	0	13	5	27	3	0	0	0	0	10	0	3	6	0	6	1	0	0	3	1	20	0	0	0	10	0	0	3	4	3	0	4	4	0	1	0
Anaerotruncus	0	0	0	1	0	0	0	0	1	0	0	0	0	0	0	0	0	0	0	0	0	1	2	0	0	0	0	0	0	0	2	0	0	0	0	2	3	0	0	1	0	0	0	0	0	0	0	3	0	1	0	0	0	0	0	0	0	0	2	0	0	0	0
Bacteroides	11	48	424	45	79	172	177	447	18	114	123	171	160	19	7	13	61	39	32	819	10	41	588	35	120	174	94	4	246	179	691	41	24	6	14	42	73	651	32	634	330	92	273	19	195	85	929	315	21	505	108	237	36	95	426	83	48	3	50	130	20	17	21
Bifidobacterium	635	694	497	355	825	632	553	265	742	1124	1048	1259	362	603	1069	880	620	899	872	204	275	76	494	617	1065	527	277	220	158	309	532	674	1464	439	433	121	504	473	306	482	619	140	382	531	267	715	603	1178	302	508	385	178	352	1071	296	482	382	380	552	527	1177	306	442
Blautia	663	984	360	608	476	347	482	787	641	736	449	557	846	632	770	735	200	1241	531	361	780	579	585	626	333	439	604	975	922	431	489	799	374	956	525	788	650	634	579	339	788	888	966	628	653	776	306	440	955	307	955	668	342	439	629	511	552	678	837	560	705	895	374
Butyricicoccus	13	4	13	35	1	2	73	2	3	0	2	2	0	6	1	12	28	8	0	47	14	22	1	0	25	18	14	13	65	11	8	6	0	4	10	77	3	0	17	3	0	18	2	9	14	11	1	4	3	9	1	38	6	22	0	2	16	2	7	4	4	20	0
Caproiciproducens	0	0	0	1	0	1	0	0	0	0	0	0	0	2	0	0	0	1	0	2	0	0	0	0	0	0	0	0	0	0	0	0	0	0	0	1	5	0	0	0	0	0	0	0	0	0	0	0	0	1	0	1	2	0	0	0	0	0	0	0	0	0	0
Citrobacter	1	0	0	0	0	1	0	0	0	0	1	0	0	0	0	0	0	0	0	0	0	0	0	4	0	0	0	0	0	0	0	0	0	0	0	0	0	0	0	0	6	0	1	2	0	0	0	1	0	2	1	0	0	2	0	1	0	2	0	0	0	14	0
Clostridium	1	1	9	3	0	2	1	0	18	1	4	0	3	6	0	0	3	0	0	0	4	1	11	24	0	0	1	3	1	2	1	0	6	55	2	1	0	4	2	3	7	6	1	4	21	0	0	0	1	0	0	1	0	1	0	2	4	0	4	2	0	0	31
Collinsella	42	0	144	213	0	286	45	82	0	24	1	315	173	252	0	0	173	0	0	0	54	98	0	0	195	0	0	144	0	90	0	266	0	0	149	431	0	0	0	0	0	71	0	0	0	168	0	0	0	0	101	179	96	0	76	0	0	0	0	0	0	88	17
Coprobacillus	0	0	0	0	0	0	0	0	0	0	0	2	0	0	0	0	2	0	0	0	0	0	6	0	6	0	0	0	0	0	0	0	0	2	0	0	1	0	3	7	0	1	1	0	0	3	2	2	0	0	0	1	0	0	2	0	0	0	0	1	2	0	0
Coprococcus	10	2	0	89	0	1	3	0	0	0	80	0	4	11	0	0	0	0	0	0	4	328	0	4	0	0	17	23	1	2	0	9	1	0	79	71	0	0	0	0	0	0	0	0	4	0	0	0	0	0	0	46	22	0	3	3	2	1	0	0	0	3	1
Desulfovibrio	0	0	1	0	0	0	0	0	0	0	0	1	0	0	0	0	0	0	0	0	0	27	2	0	0	0	0	2	1	1	2	0	1	0	0	0	0	4	0	0	0	0	0	0	0	2	13	8	0	0	0	3	1	0	0	0	0	0	1	0	0	0	0
Dialister	89	0	0	335	0	35	0	0	0	2	0	0	1	173	0	0	0	44	0	0	28	40	0	23	2	0	21	102	31	42	3	0	3	136	3	279	1	140	0	1	1	4	0	0	0	1	27	1	0	2	0	10	0	2	4	0	56	0	72	0	0	0	1
Dorea	22	10	22	0	21	35	0	0	0	0	1	0	1	9	0	0	0	0	79	0	24	61	0	122	0	0	10	62	0	83	0	106	0	0	75	0	0	8	0	2	0	19	0	0	0	0	0	0	0	0	0	135	47	0	0	0	19	0	0	0	51	94	71
Drancourtella	47	14	12	38	26	0	21	72	53	91	53	155	12	31	0	21	25	142	7	16	31	35	0	85	61	76	25	7	40	1	22	7	44	47	6	34	294	79	113	111	47	19	0	22	7	119	20	69	71	50	29	6	1	65	75	59	31	1	62	67	73	2	22
Eggerthella	4	7	4	3	6	0	5	5	20	11	24	8	5	3	15	2	4	13	8	5	9	0	6	5	3	7	1	0	34	6	11	0	2	2	2	0	10	21	14	9	5	5	7	7	1	9	0	12	21	6	2	1	0	0	3	2	4	6	3	15	5	1	3
Eisenbergiella	7	2	4	1	0	0	0	0	1	16	2	0	2	3	0	7	0	0	0	7	1	1	8	0	2	2	0	0	0	0	16	2	0	3	0	0	12	17	3	8	0	6	4	0	1	9	11	9	0	9	0	2	0	1	2	2	1	0	1	5	2	0	0
Emergencia	4	0	0	2	0	0	0	0	0	0	0	5	0	0	0	1	0	0	0	0	0	1	0	0	0	0	0	0	0	0	0	0	0	0	0	14	0	1	0	0	0	0	0	0	0	0	0	0	0	0	0	0	0	0	3	0	1	0	2	0	0	0	0
Enterococcus	0	0	0	0	3	0	0	0	0	11	19	3	1	0	0	0	1	0	0	0	10	0	104	2	6	0	0	0	1	0	2	0	15	3	0	8	6	0	3	6	5	0	0	4	0	0	5	6	0	4	7	0	0	9	0	1	0	19	0	0	0	32	0
Erysipelatoclostridium	12	54	19	7	9	65	21	47	54	62	50	173	102	93	33	32	10	149	29	53	42	82	326	50	26	79	32	7	72	14	57	30	66	45	16	53	101	65	42	117	34	86	86	45	26	67	29	21	94	99	50	10	36	10	24	190	289	20	34	177	34	20	18
Escherichia	37	53	5	1	5	2	0	3	0	0	22	2	5	0	0	0	1	16	7	0	0	0	11	84	5	37	98	0	0	0	5	2	30	0	6	0	0	1	21	49	87	1	16	3	14	0	4	13	7	15	11	0	0	4	2	17	0	133	1	21	4	21	10
Eubacterium	3	7	18	59	0	10	45	0	8	0	0	0	1	25	0	1	11	1	0	41	1	113	21	2	8	0	8	1	0	9	8	75	5	0	7	44	2	35	8	1	2	35	0	0	4	9	0	1	0	0	0	42	22	0	19	37	37	0	41	37	4	2	21
Faecalibacterium	277	47	613	140	118	488	191	291	8	238	213	1	378	356	17	14	368	19	31	391	134	106	4	390	192	611	282	182	98	151	279	172	147	243	69	84	52	27	58	11	383	400	427	14	236	15	384	209	9	993	0	386	393	256	221	129	171	3	123	153	0	56	41
Faecalicatena	113	167	2	73	83	31	31	0	45	2	104	2	87	139	61	20	5	7	9	24	68	25	7	36	4	4	162	58	7	55	1	42	21	175	10	63	72	9	8	18	0	64	0	1	56	1	14	19	24	1	12	4	28	0	18	64	42	15	4	61	8	136	82
Faecalimonas	1	0	12	0	26	1	1	0	0	11	0	0	83	0	0	0	10	0	0	2	0	0	0	0	0	2	0	144	0	0	18	0	0	1	0	1	0	7	0	1	0	38	83	0	2	0	107	0	6	0	0	0	0	0	1	0	0	233	0	0	0	1	0
Flavonifractor	7	1	1	7	1	1	1	6	4	1	9	2	2	0	0	4	0	1	3	3	2	3	8	3	0	6	0	1	6	3	12	2	0	1	0	7	1	11	3	15	1	5	3	0	1	9	14	15	2	7	0	10	1	2	10	6	1	0	6	3	3	1	6
Fournierella	1	0	0	57	0	39	9	0	77	0	9	0	0	0	0	0	0	0	0	0	0	72	0	0	0	0	0	4	0	4	0	0	0	0	1	103	0	0	0	0	0	3	0	0	0	0	0	0	0	0	0	0	18	0	0	0	0	0	0	2	0	0	8
Frisingicoccus	2	11	0	1	1	0	1	0	3	0	0	0	2	0	0	8	0	0	0	7	3	0	0	0	0	0	3	0	0	1	0	2	1	0	0	0	0	0	0	0	0	4	0	0	2	5	0	0	1	0	0	0	2	0	1	0	3	0	3	0	27	2	0
Fusicatenibacter	92	47	423	214	360	79	388	518	158	1	248	0	407	103	655	537	336	4	460	1	574	56	0	434	401	485	353	382	504	202	130	267	32	403	323	249	635	0	363	133	0	542	2	151	436	2	0	119	125	16	0	164	112	414	543	328	292	509	233	250	1	492	925
Fusobacterium	0	0	0	0	0	0	0	1	0	1	0	0	0	0	0	0	0	0	0	0	0	0	2	0	0	0	0	0	5	0	1	0	1	0	0	0	0	0	3	0	1	0	14	0	0	0	2	0	0	1	0	0	0	0	0	0	0	0	0	0	0	0	0
G_undefined_Clostridiales Family XIII. Incertae Sedis	0	1	1	1	0	0	0	0	0	0	0	1	0	0	0	0	0	0	0	0	0	1	0	1	1	0	0	0	0	0	0	0	0	1	0	0	0	0	0	0	0	0	0	1	1	0	0	0	0	0	0	0	0	1	0	0	0	0	0	0	0	0	0
G_undefined_Lachnospiraceae	6	2	1	175	420	25	244	0	106	0	0	0	0	107	0	1	586	0	1	476	182	2	0	77	50	0	37	0	4	426	8	52	1	0	253	125	0	0	0	0	0	95	1	246	102	30	0	11	113	0	0	64	701	315	0	596	504	457	74	431	0	31	98
G_undefined_Ruminococcaceae	48	0	21	6	0	7	0	0	4	0	1	0	7	1	0	13	0	0	0	33	0	3	0	0	0	8	0	1	0	38	0	1	0	18	1	3	22	3	8	3	0	0	0	0	0	0	1	1	0	0	0	4	2	0	3	2	5	0	2	1	4	0	3
Gemella	0	4	0	0	1	0	0	0	2	1	1	0	0	0	0	2	0	1	4	0	1	0	0	1	0	1	0	2	2	0	0	0	0	1	0	0	0	0	0	0	0	0	0	1	2	0	0	0	1	2	1	0	0	0	0	2	0	4	0	1	0	0	0
Granulicatella	0	6	1	0	10	0	0	2	0	2	0	1	2	0	1	4	0	1	2	0	5	2	2	0	0	3	2	4	0	1	1	2	0	1	2	0	0	0	0	3	0	2	4	3	3	1	0	0	2	3	3	0	2	2	2	1	0	0	2	2	0	2	0
Haemophilus	0	0	7	1	0	0	1	5	0	0	0	0	3	1	0	0	0	0	0	0	0	0	0	0	0	1	0	0	3	0	0	1	1	0	0	0	0	1	0	0	1	1	0	0	1	0	0	0	0	0	0	0	1	0	0	0	0	0	0	0	0	1	0
Hungatella	2	0	2	0	0	0	0	2	1	4	3	3	0	2	0	0	0	0	0	1	0	0	13	0	3	0	0	0	6	1	12	1	0	0	1	0	10	7	0	6	0	1	2	2	0	4	6	2	1	0	1	4	0	1	4	0	0	0	2	0	1	0	8
Ihubacter	7	1	0	4	0	0	0	0	14	0	0	0	2	2	0	0	0	2	0	4	7	12	0	0	0	2	0	5	1	9	0	0	0	8	0	16	0	3	0	3	0	5	0	0	0	1	0	0	0	0	0	0	5	0	2	0	1	0	1	0	0	0	0
Intestinibacter	10	1	7	0	5	1	6	5	6	20	5	8	9	23	0	4	13	6	0	13	8	3	78	8	6	2	1	0	16	5	5	0	38	19	23	3	45	5	15	10	0	0	0	70	8	15	4	17	75	1	2	1	1	10	3	6	13	24	13	6	6	15	26
Klebsiella	8	0	0	0	2	0	1	0	2	0	0	0	0	0	0	0	0	0	0	2	0	1	0	0	0	0	0	0	0	0	0	0	0	0	0	0	0	0	0	0	0	0	0	2	1	0	0	4	0	1	1	0	0	0	47	0	0	0	0	0	0	1	0
Lachnoclostridium	70	54	11	36	11	63	59	43	24	35	48	46	75	41	106	43	31	55	5	122	150	43	88	47	129	9	59	89	109	341	196	33	14	55	7	28	29	225	155	60	26	70	46	29	14	217	35	139	46	84	7	88	85	18	100	80	65	15	76	66	35	49	129
Lachnospira	0	0	0	1	0	0	3	0	0	1	1	0	0	0	0	0	0	0	0	0	0	0	0	0	2	0	2	0	1	0	0	2	0	0	2	0	0	0	1	0	0	1	3	0	0	0	19	0	0	0	0	1	0	0	8	0	0	1	0	0	0	0	0
Lactobacillus	6	0	0	3	32	40	23	0	3	0	2	13	0	14	1	0	2	0	8	0	28	1	0	0	0	13	5	0	1	9	0	1	10	2	4	0	0	1	6	24	0	0	0	52	8	0	0	0	0	0	0	1	5	0	0	11	5	0	0	13	3	0	0
Lactococcus	0	0	0	2	0	1	0	0	1	0	0	4	0	0	2	0	0	0	0	0	1	0	0	0	0	1	0	0	0	0	0	3	0	0	0	0	0	0	2	0	0	0	0	98	0	0	62	0	4	1	0	0	0	0	0	0	0	0	0	0	0	0	0
Lactonifactor	0	0	2	1	0	0	0	0	0	0	6	0	0	1	0	2	0	1	0	2	0	28	2	0	0	0	0	0	3	0	0	0	0	0	0	5	1	1	0	0	0	1	0	1	0	0	0	6	6	0	0	0	2	1	0	9	2	0	1	9	1	0	1
Massilimicrobiota	8	3	0	4	8	3	1	0	6	0	2	5	0	0	0	2	0	7	1	17	3	0	6	0	0	2	1	2	4	2	4	8	8	3	2	4	10	1	0	10	4	0	0	2	0	0	0	3	2	2	0	7	0	1	9	15	0	0	4	8	40	0	0
Monoglobus	12	0	0	9	0	18	1	0	2	0	0	11	2	51	0	1	0	0	0	24	5	5	0	0	0	1	0	2	0	0	1	3	11	26	2	10	0	41	0	0	0	0	0	0	2	0	0	0	0	0	0	1	0	0	0	0	17	0	0	0	0	8	0
Mordavella	14	0	11	11	0	0	0	0	18	0	8	3	1	0	1	9	0	2	0	0	0	0	0	0	0	6	3	1	2	1	3	0	9	10	0	8	0	4	0	7	0	0	0	0	0	0	1	0	0	2	0	1	0	0	0	0	1	0	5	0	1	0	0
Negativibacillus	1	0	0	1	0	3	0	0	0	0	0	0	3	2	0	0	0	0	0	1	0	1	0	0	0	0	0	0	0	0	0	0	0	0	0	0	0	0	0	0	0	5	0	0	0	0	0	0	0	0	0	1	0	0	1	0	0	0	1	0	0	0	0
Odoribacter	1	0	1	0	0	1	0	0	3	0	0	0	0	0	0	0	0	0	1	0	0	1	0	0	0	0	0	0	0	0	0	0	0	0	0	0	0	4	2	2	0	0	0	0	0	0	6	4	0	1	0	2	1	0	0	0	0	0	0	0	0	0	0
Oscillibacter	36	0	1	12	0	13	2	0	31	0	1	0	9	1	0	0	0	0	0	6	0	12	0	6	3	0	0	2	0	1	7	5	0	0	0	9	3	5	1	15	1	2	0	0	0	6	5	6	0	0	0	21	2	0	2	0	2	0	9	2	0	1	3
Parabacteroides	5	0	27	13	10	5	13	45	0	0	0	5	10	6	0	1	4	0	0	0	0	18	41	2	6	22	9	1	12	6	0	1	0	1	1	12	2	141	13	5	13	12	0	0	10	57	76	5	0	0	5	47	1	3	0	8	1	0	6	14	0	2	0
Parasutterella	0	0	8	0	0	0	1	26	0	1	0	0	1	5	0	0	6	0	0	0	0	0	10	0	0	0	0	0	0	0	9	0	0	0	0	0	23	0	0	0	18	0	0	0	0	8	5	60	0	0	0	0	0	0	3	0	0	0	11	0	1	0	0
Phascolarctobacterium	0	7	0	0	0	1	0	0	10	0	0	1	12	0	0	8	0	0	0	0	0	59	0	0	0	0	0	0	0	0	29	8	0	0	0	0	0	0	0	0	3	0	0	0	0	0	2	0	0	0	0	61	1	0	0	0	0	0	0	0	6	0	0
Prevotella	13	0	2	16	0	7	0	0	0	1	0	1	0	30	0	1	0	0	1	0	0	37	0	1	0	0	0	0	0	0	0	0	0	0	1	12	0	1	0	1	0	0	0	0	1	1	2	0	0	0	0	103	128	1	1	0	1	0	0	0	0	1	0
Pseudoflavonifractor	0	0	0	0	1	7	0	0	2	0	4	0	0	0	0	0	0	0	0	2	0	0	0	1	0	1	0	0	0	2	1	3	0	0	0	5	7	5	0	0	0	0	0	0	0	8	0	9	0	0	0	11	1	0	4	0	0	0	1	0	0	0	2
Robinsoniella	37	104	24	0	91	0	2	44	3	99	6	69	0	0	0	0	7	20	0	4	71	0	159	0	40	77	94	0	116	0	134	1	2	93	1	0	41	94	10	33	40	0	165	54	79	257	9	10	130	25	17	9	0	36	0	2	25	38	36	4	1	1	51
Romboutsia	8	0	0	12	0	2	0	0	6	6	2	3	0	21	0	0	2	0	7	0	0	8	6	6	0	0	4	0	4	7	3	3	0	1	15	1	1	0	0	2	2	6	2	4	29	2	0	2	8	0	0	2	32	0	0	5	8	47	5	7	1	1	30
Roseburia	35	12	16	78	21	34	173	4	21	2	17	73	19	24	10	21	16	31	2	37	18	124	35	17	88	136	17	216	65	122	3	13	104	11	56	18	10	3	0	12	1	4	0	10	8	43	74	15	16	2	0	155	218	35	95	43	59	49	17	34	46	14	35
Rothia	0	0	0	0	0	0	0	1	1	1	0	0	0	0	2	0	0	0	2	0	0	0	0	0	1	1	0	1	0	0	0	2	0	0	0	0	0	0	1	0	1	2	0	0	0	0	0	0	0	1	0	0	0	0	0	0	1	0	1	0	0	0	0
Ruminococcus	47	1	0	94	3	216	174	0	558	2	0	0	41	22	86	6	58	6	50	116	14	492	0	113	31	8	0	0	22	68	43	133	197	0	350	110	42	17	0	692	0	68	0	0	0	8	15	0	8	180	0	123	134	0	172	192	193	0	300	261	371	3	105
Ruthenibacterium	5	2	1	2	0	1	0	0	20	2	0	2	0	0	0	1	0	0	1	3	0	4	12	0	0	2	0	0	2	1	7	4	0	3	0	39	4	3	1	10	0	1	0	0	0	6	8	1	0	1	1	5	0	0	4	1	1	0	0	0	3	0	5
Schaalia	8	3	2	3	7	10	1	9	6	3	2	13	0	7	0	1	1	20	4	5	1	4	1	7	1	3	1	3	4	6	2	5	3	0	6	0	12	2	8	4	0	4	7	0	7	1	1	4	5	2	5	2	1	3	1	3	2	5	8	3	3	4	0
Solobacterium	1	0	0	2	1	0	0	0	0	1	0	2	1	0	0	1	0	4	0	0	0	1	0	0	0	0	2	0	0	0	0	0	0	0	1	0	0	0	0	1	0	0	1	0	1	0	0	0	1	0	0	0	0	0	0	0	0	0	1	1	0	0	0
Streptococcus	369	505	192	126	156	178	48	106	163	286	280	22	78	8	71	470	48	118	703	70	151	52	218	30	42	30	524	177	307	231	115	26	258	86	406	5	92	49	859	48	503	100	205	812	543	163	136	17	825	62	951	9	108	67	36	10	65	139	232	18	77	84	13
Terrisporobacter	0	0	0	0	0	0	0	0	2	0	0	0	0	4	0	1	1	0	0	0	0	0	1	4	0	0	3	0	0	1	1	3	5	0	0	0	0	0	0	18	0	2	0	1	5	0	0	0	0	0	0	0	0	0	0	0	0	0	0	0	0	0	10
Turicibacter	0	0	0	3	1	0	0	3	2	2	0	0	3	3	0	2	0	0	0	0	0	0	0	3	0	13	0	0	3	0	2	1	17	0	0	0	1	0	0	1	1	0	0	0	0	0	0	0	0	0	0	0	3	0	0	0	0	0	1	2	0	10	0
Veillonella	0	12	42	0	45	0	12	70	0	29	24	33	1	0	56	0	0	17	13	2	0	2	90	92	76	93	7	0	58	1	19	0	53	0	2	0	58	5	314	0	25	32	135	0	7	25	4	122	3	58	337	0	0	99	49	10	0	183	1	12	0	3	0
